# basic configuration
backend = "glx";
vsync = "opengl";
# 
glx-swap-method = 2;
# xrender-sync = true;
# xrender-sync-fence = true;
blur-background = true;
# blur-background-fixed = true;

# blur-kern = "15,15,0.140858,0.182684,0.227638,0.272532,0.313486,0.346456,0.367879,0.375311,0.367879,0.346456,0.313486,0.272532,0.227638,0.182684,0.140858,0.182684,0.236928,0.295230,0.353455,0.406570,0.449329,0.477114,0.486752,0.477114,0.449329,0.406570,0.353455,0.295230,0.236928,0.182684,0.227638,0.295230,0.367879,0.440432,0.506617,0.559898,0.594521,0.606531,0.594521,0.559898,0.506617,0.440432,0.367879,0.295230,0.227638,0.272532,0.353455,0.440432,0.527292,0.606531,0.670320,0.711770,0.726149,0.711770,0.670320,0.606531,0.527292,0.440432,0.353455,0.272532,0.313486,0.406570,0.506617,0.606531,0.697676,0.771052,0.818731,0.835270,0.818731,0.771052,0.697676,0.606531,0.506617,0.406570,0.313486,0.346456,0.449329,0.559898,0.670320,0.771052,0.852144,0.904837,0.923116,0.904837,0.852144,0.771052,0.670320,0.559898,0.449329,0.346456,0.367879,0.477114,0.594521,0.711770,0.818731,0.904837,0.960789,0.980199,0.960789,0.904837,0.818731,0.711770,0.594521,0.477114,0.367879,0.375311,0.486752,0.606531,0.726149,0.835270,0.923116,0.980199,0.980199,0.923116,0.835270,0.726149,0.606531,0.486752,0.375311,0.367879,0.477114,0.594521,0.711770,0.818731,0.904837,0.960789,0.980199,0.960789,0.904837,0.818731,0.711770,0.594521,0.477114,0.367879,0.346456,0.449329,0.559898,0.670320,0.771052,0.852144,0.904837,0.923116,0.904837,0.852144,0.771052,0.670320,0.559898,0.449329,0.346456,0.313486,0.406570,0.506617,0.606531,0.697676,0.771052,0.818731,0.835270,0.818731,0.771052,0.697676,0.606531,0.506617,0.406570,0.313486,0.272532,0.353455,0.440432,0.527292,0.606531,0.670320,0.711770,0.726149,0.711770,0.670320,0.606531,0.527292,0.440432,0.353455,0.272532,0.227638,0.295230,0.367879,0.440432,0.506617,0.559898,0.594521,0.606531,0.594521,0.559898,0.506617,0.440432,0.367879,0.295230,0.227638,0.182684,0.236928,0.295230,0.353455,0.406570,0.449329,0.477114,0.486752,0.477114,0.449329,0.406570,0.353455,0.295230,0.236928,0.182684,0.140858,0.182684,0.227638,0.272532,0.313486,0.346456,0.367879,0.375311,0.367879,0.346456,0.313486,0.272532,0.227638,0.182684,0.140858";

# blur-kern = "9,9,0.169013,0.249352,0.329193,0.388896,0.411112,0.388896,0.329193,0.249352,0.169013,0.249352,0.367879,0.485672,0.573753,0.606531,0.573753,0.485672,0.367879,0.249352,0.329193,0.485672,0.641180,0.757465,0.800737,0.757465,0.641180,0.485672,0.329193,0.388896,0.573753,0.757465,0.894839,0.945959,0.894839,0.757465,0.573753,0.388896,0.411112,0.606531,0.800737,0.945959,0.945959,0.800737,0.606531,0.411112,0.388896,0.573753,0.757465,0.894839,0.945959,0.894839,0.757465,0.573753,0.388896,0.329193,0.485672,0.641180,0.757465,0.800737,0.757465,0.641180,0.485672,0.329193,0.249352,0.367879,0.485672,0.573753,0.606531,0.573753,0.485672,0.367879,0.249352,0.169013,0.249352,0.329193,0.388896,0.411112,0.388896,0.329193,0.249352,0.169013,";

# blur-kern = "11,11,0.367879,0.440432,0.506617,0.559898,0.594521,0.606531,0.594521,0.559898,0.506617,0.440432,0.367879,0.440432,0.527292,0.606531,0.670320,0.711770,0.726149,0.711770,0.670320,0.606531,0.527292,0.440432,0.506617,0.606531,0.697676,0.771052,0.818731,0.835270,0.818731,0.771052,0.697676,0.606531,0.506617,0.559898,0.670320,0.771052,0.852144,0.904837,0.923116,0.904837,0.852144,0.771052,0.670320,0.559898,0.594521,0.711770,0.818731,0.904837,0.960789,0.980199,0.960789,0.904837,0.818731,0.711770,0.594521,0.606531,0.726149,0.835270,0.923116,0.980199,0.980199,0.923116,0.835270,0.726149,0.606531,0.594521,0.711770,0.818731,0.904837,0.960789,0.980199,0.960789,0.904837,0.818731,0.711770,0.594521,0.559898,0.670320,0.771052,0.852144,0.904837,0.923116,0.904837,0.852144,0.771052,0.670320,0.559898,0.506617,0.606531,0.697676,0.771052,0.818731,0.835270,0.818731,0.771052,0.697676,0.606531,0.506617,0.440432,0.527292,0.606531,0.670320,0.711770,0.726149,0.711770,0.670320,0.606531,0.527292,0.440432,0.367879,0.440432,0.506617,0.559898,0.594521,0.606531,0.594521,0.559898,0.506617,0.440432,0.367879,";

# blur-kern = "13,13,0.236928,0.295230,0.353455,0.406570,0.449329,0.477114,0.486752,0.477114,0.449329,0.406570,0.353455,0.295230,0.236928,0.295230,0.367879,0.440432,0.506617,0.559898,0.594521,0.606531,0.594521,0.559898,0.506617,0.440432,0.367879,0.295230,0.353455,0.440432,0.527292,0.606531,0.670320,0.711770,0.726149,0.711770,0.670320,0.606531,0.527292,0.440432,0.353455,0.406570,0.506617,0.606531,0.697676,0.771052,0.818731,0.835270,0.818731,0.771052,0.697676,0.606531,0.506617,0.406570,0.449329,0.559898,0.670320,0.771052,0.852144,0.904837,0.923116,0.904837,0.852144,0.771052,0.670320,0.559898,0.449329,0.477114,0.594521,0.711770,0.818731,0.904837,0.960789,0.980199,0.960789,0.904837,0.818731,0.711770,0.594521,0.477114,0.486752,0.606531,0.726149,0.835270,0.923116,0.980199,0.980199,0.923116,0.835270,0.726149,0.606531,0.486752,0.477114,0.594521,0.711770,0.818731,0.904837,0.960789,0.980199,0.960789,0.904837,0.818731,0.711770,0.594521,0.477114,0.449329,0.559898,0.670320,0.771052,0.852144,0.904837,0.923116,0.904837,0.852144,0.771052,0.670320,0.559898,0.449329,0.406570,0.506617,0.606531,0.697676,0.771052,0.818731,0.835270,0.818731,0.771052,0.697676,0.606531,0.506617,0.406570,0.353455,0.440432,0.527292,0.606531,0.670320,0.711770,0.726149,0.711770,0.670320,0.606531,0.527292,0.440432,0.353455,0.295230,0.367879,0.440432,0.506617,0.559898,0.594521,0.606531,0.594521,0.559898,0.506617,0.440432,0.367879,0.295230,0.236928,0.295230,0.353455,0.406570,0.449329,0.477114,0.486752,0.477114,0.449329,0.406570,0.353455,0.295230,0.236928,";

# sigma 5
# blur-kern = "11,11,0.960789,0.967732,0.973167,0.977067,0.979415,0.980199,0.979415,0.977067,0.973167,0.967732,0.960789,0.967732,0.974725,0.980199,0.984127,0.986492,0.987282,0.986492,0.984127,0.980199,0.974725,0.967732,0.973167,0.980199,0.985703,0.989654,0.992032,0.992826,0.992032,0.989654,0.985703,0.980199,0.973167,0.977067,0.984127,0.989654,0.993620,0.996008,0.996805,0.996008,0.993620,0.989654,0.984127,0.977067,0.979415,0.986492,0.992032,0.996008,0.998401,0.999200,0.998401,0.996008,0.992032,0.986492,0.979415,0.980199,0.987282,0.992826,0.996805,0.999200,0.999200,0.996805,0.992826,0.987282,0.980199,0.979415,0.986492,0.992032,0.996008,0.998401,0.999200,0.998401,0.996008,0.992032,0.986492,0.979415,0.977067,0.984127,0.989654,0.993620,0.996008,0.996805,0.996008,0.993620,0.989654,0.984127,0.977067,0.973167,0.980199,0.985703,0.989654,0.992032,0.992826,0.992032,0.989654,0.985703,0.980199,0.973167,0.967732,0.974725,0.980199,0.984127,0.986492,0.987282,0.986492,0.984127,0.980199,0.974725,0.967732,0.960789,0.967732,0.973167,0.977067,0.979415,0.980199,0.979415,0.977067,0.973167,0.967732,0.960789,"; 
# sigma 40
# blur-kern = "11,11,0.984496,0.987269,0.989431,0.990978,0.991908,0.992218,0.991908,0.990978,0.989431,0.987269,0.984496,0.987269,0.990050,0.992218,0.993769,0.994702,0.995012,0.994702,0.993769,0.992218,0.990050,0.987269,0.989431,0.992218,0.994391,0.995946,0.996880,0.997191,0.996880,0.995946,0.994391,0.992218,0.989431,0.990978,0.993769,0.995946,0.997503,0.998439,0.998751,0.998439,0.997503,0.995946,0.993769,0.990978,0.991908,0.994702,0.996880,0.998439,0.999375,0.999688,0.999375,0.998439,0.996880,0.994702,0.991908,0.992218,0.995012,0.997191,0.998751,0.999688,0.999688,0.998751,0.997191,0.995012,0.992218,0.991908,0.994702,0.996880,0.998439,0.999375,0.999688,0.999375,0.998439,0.996880,0.994702,0.991908,0.990978,0.993769,0.995946,0.997503,0.998439,0.998751,0.998439,0.997503,0.995946,0.993769,0.990978,0.989431,0.992218,0.994391,0.995946,0.996880,0.997191,0.996880,0.995946,0.994391,0.992218,0.989431,0.987269,0.990050,0.992218,0.993769,0.994702,0.995012,0.994702,0.993769,0.992218,0.990050,0.987269,0.984496,0.987269,0.989431,0.990978,0.991908,0.992218,0.991908,0.990978,0.989431,0.987269,0.984496,";
# sigma 70
# blur-kern = "11,11,0.994911,0.995825,0.996537,0.997045,0.997350,0.997452,0.997350,0.997045,0.996537,0.995825,0.994911,0.995825,0.996740,0.997452,0.997961,0.998267,0.998369,0.998267,0.997961,0.997452,0.996740,0.995825,0.996537,0.997452,0.998165,0.998674,0.998980,0.999082,0.998980,0.998674,0.998165,0.997452,0.996537,0.997045,0.997961,0.998674,0.999184,0.999490,0.999592,0.999490,0.999184,0.998674,0.997961,0.997045,0.997350,0.998267,0.998980,0.999490,0.999796,0.999898,0.999796,0.999490,0.998980,0.998267,0.997350,0.997452,0.998369,0.999082,0.999592,0.999898,0.999898,0.999592,0.999082,0.998369,0.997452,0.997350,0.998267,0.998980,0.999490,0.999796,0.999898,0.999796,0.999490,0.998980,0.998267,0.997350,0.997045,0.997961,0.998674,0.999184,0.999490,0.999592,0.999490,0.999184,0.998674,0.997961,0.997045,0.996537,0.997452,0.998165,0.998674,0.998980,0.999082,0.998980,0.998674,0.998165,0.997452,0.996537,0.995825,0.996740,0.997452,0.997961,0.998267,0.998369,0.998267,0.997961,0.997452,0.996740,0.995825,0.994911,0.995825,0.996537,0.997045,0.997350,0.997452,0.997350,0.997045,0.996537,0.995825,0.994911,";
#
# sigma 170
blur-kern = "11,11,0.999135,0.999291,0.999412,0.999498,0.999550,0.999568,0.999550,0.999498,0.999412,0.999291,0.999135,0.999291,0.999447,0.999568,0.999654,0.999706,0.999723,0.999706,0.999654,0.999568,0.999447,0.999291,0.999412,0.999568,0.999689,0.999775,0.999827,0.999844,0.999827,0.999775,0.999689,0.999568,0.999412,0.999498,0.999654,0.999775,0.999862,0.999913,0.999931,0.999913,0.999862,0.999775,0.999654,0.999498,0.999550,0.999706,0.999827,0.999913,0.999965,0.999983,0.999965,0.999913,0.999827,0.999706,0.999550,0.999568,0.999723,0.999844,0.999931,0.999983,0.999983,0.999931,0.999844,0.999723,0.999568,0.999550,0.999706,0.999827,0.999913,0.999965,0.999983,0.999965,0.999913,0.999827,0.999706,0.999550,0.999498,0.999654,0.999775,0.999862,0.999913,0.999931,0.999913,0.999862,0.999775,0.999654,0.999498,0.999412,0.999568,0.999689,0.999775,0.999827,0.999844,0.999827,0.999775,0.999689,0.999568,0.999412,0.999291,0.999447,0.999568,0.999654,0.999706,0.999723,0.999706,0.999654,0.999568,0.999447,0.999291,0.999135,0.999291,0.999412,0.999498,0.999550,0.999568,0.999550,0.999498,0.999412,0.999291,0.999135,";
# # transparancy settings for i3
# opacity-rule =
# [
#     "0:_NET_WM_STATE@:32a *= '_NET_WM_STATE_HIDDEN'",
# 	"90:class_g = 'termite' && focused",
# 	"0:class_g = 'termite' && !focused"
# ];
# 
# # workspace opacity transition for i3
# fading = false;
# fade-delta = 2.1;
# fade-in-step = 0.03;
# fade-out-step = 0.03;
# 
# # window shadows for i3
# shadow = true;
# no-dock-shadow = true;
# no-dnd-shadow = true;
# clear-shadow = true;
# shadow-radius = 30;
# shadow-offset-x = -7;
# shadow-offset-y = -7;
# #############################################################33
# # Shadow
shadow = true;                                  # Enabled client-side shadows on windows.
no-dock-shadow = true;                          # Avoid drawing shadows on dock/panel windows.
no-dnd-shadow = true;                           # Don't draw shadows on DND windows.
clear-shadow = true;                            # Zero the part of the shadow's mask behind the window (experimental).
shadow-radius = 14;                              # The blur radius for shadows. (default 12)
shadow-offset-x = -40;                          # The left offset for shadows. (default -15)
shadow-offset-y = +13;                          # The top offset for shadows. (default -15)
shadow-opacity = 0.7;                         # The translucency for shadows. (default .75)
# shadow-red = 0.0;                             # Red color value of shadow. (0.0 - 1.0, defaults to 0)
# shadow-green = 0.0;                           # Green color value of shadow. (0.0 - 1.0, defaults to 0)
# shadow-blue = 0.0;                            # Blue color value of shadow. (0.0 - 1.0, defaults to 0)
# shadow-exclude = [ "n:e:Notification" ];        # Exclude conditions for shadows.
# shadow-exclude = "n:e:Notification";
shadow-ignore-shaped = true;
 
# Opacity
menu-opacity = 10.0;                     # The opacity for menus. (default 1.0)
inactive-opacity = 1.0;                 # Opacity of inactive windows. (0.1 - 1.0)
frame-opacity = 0.7;                   # Opacity of window titlebars and borders. (0.1 - 1.0)
inactive-opacity-override = true;       # Inactive opacity set by 'inactive-opacity' overrides value of _NET_WM_OPACITY.
 
# Fading
fading = false;                 # Fade windows during opacity changes.
# fade-delta = (100/6);         # The time between steps in a fade in milliseconds. (default 10).
fade-in-step = 0.1;             # Opacity change between steps while fading in. (default 0.028).
fade-out-step = 0.1;            # Opacity change between steps while fading out. (default 0.03).
# no-fading-openclose = true;   # Fade windows in/out when opening/closing.
 
# Other
inactive-dim = 0.13;            # Dim inactive windows. (0.0 - 1.0, defaults to 0).
mark-wmwin-focused = true;      # Try to detect WM windows and mark them as active.
mark-ovredir-focused = true;
detect-rounded-corners = true;
 
# Window type settings
wintypes:
{
  tooltip = { fade = true; shadow = false; opacity = 0.75; };
};
 
##excluded apps
#shadow-exclude = [ "g:si:Conky" ];
